B 0 0 948
B 0 1 72
B 0 2 867
B 0 3 458
B 0 4 768
B 0 5 23
B 0 6 475
B 0 7 965
B 0 8 308
B 0 9 647
B 0 10 484
B 0 11 80
B 0 12 792
B 0 13 437
B 0 14 703
B 0 15 972
B 0 16 261
B 0 17 796
B 0 18 414
B 0 19 501
B 0 20 963
B 0 21 294
B 0 22 283
B 0 23 824
B 0 24 83
B 0 25 384
B 0 26 338
B 0 27 485
B 0 28 124
B 0 29 859
B 0 30 421
B 0 31 72
B 0 32 283
B 0 33 640
B 0 34 882
B 0 35 51
B 0 36 15
B 0 37 357
B 0 38 17
B 0 39 323
B 0 40 5
B 0 41 501
B 0 42 403
B 0 43 149
B 0 44 938
B 0 45 458
B 0 46 474
B 0 47 552
B 0 48 254
B 0 49 888
B 1 0 53
B 1 1 569
B 1 2 182
B 1 3 688
B 1 4 393
B 1 5 618
B 1 6 72
B 1 7 84
B 1 8 103
B 1 9 196
B 1 10 295
B 1 11 876
B 1 12 269
B 1 13 578
B 1 14 868
B 1 15 151
B 1 16 629
B 1 17 884
B 1 18 861
B 1 19 646
B 1 20 207
B 1 21 218
B 1 22 499
B 1 23 963
B 1 24 367
B 1 25 438
B 1 26 421
B 1 27 193
B 1 28 342
B 1 29 28
B 1 30 82
B 1 31 747
B 1 32 949
B 1 33 616
B 1 34 435
B 1 35 695
B 1 36 586
B 1 37 507
B 1 38 779
B 1 39 41
B 1 40 55
B 1 41 74
B 1 42 917
B 1 43 676
B 1 44 652
B 1 45 786
B 1 46 828
B 1 47 281
B 1 48 22
B 1 49 41
B 2 0 280
B 2 1 229
B 2 2 259
B 2 3 779
B 2 4 544
B 2 5 978
B 2 6 569
B 2 7 966
B 2 8 524
B 2 9 911
B 2 10 346
B 2 11 606
B 2 12 658
B 2 13 295
B 2 14 574
B 2 15 445
B 2 16 342
B 2 17 161
B 2 18 952
B 2 19 121
B 2 20 202
B 2 21 360
B 2 22 547
B 2 23 472
B 2 24 36
B 2 25 199
B 2 26 610
B 2 27 216
B 2 28 833
B 2 29 632
B 2 30 257
B 2 31 113
B 2 32 213
B 2 33 868
B 2 34 892
B 2 35 110
B 2 36 199
B 2 37 462
B 2 38 76
B 2 39 723
B 2 40 725
B 2 41 774
B 2 42 681
B 2 43 736
B 2 44 421
B 2 45 255
B 2 46 181
B 2 47 764
B 2 48 768
B 2 49 486
B 3 0 237
B 3 1 323
B 3 2 846
B 3 3 785
B 3 4 795
B 3 5 882
B 3 6 336
B 3 7 757
B 3 8 99
B 3 9 521
B 3 10 741
B 3 11 708
B 3 12 634
B 3 13 306
B 3 14 577
B 3 15 879
B 3 16 416
B 3 17 776
B 3 18 693
B 3 19 844
B 3 20 851
B 3 21 770
B 3 22 618
B 3 23 532
B 3 24 506
B 3 25 392
B 3 26 787
B 3 27 688
B 3 28 156
B 3 29 908
B 3 30 174
B 3 31 393
B 3 32 231
B 3 33 372
B 3 34 530
B 3 35 378
B 3 36 254
B 3 37 219
B 3 38 135
B 3 39 705
B 3 40 740
B 3 41 876
B 3 42 414
B 3 43 727
B 3 44 182
B 3 45 991
B 3 46 606
B 3 47 951
B 3 48 119
B 3 49 651
B 4 0 795
B 4 1 970
B 4 2 773
B 4 3 414
B 4 4 854
B 4 5 280
B 4 6 806
B 4 7 641
B 4 8 320
B 4 9 314
B 4 10 549
B 4 11 846
B 4 12 59
B 4 13 780
B 4 14 218
B 4 15 590
B 4 16 158
B 4 17 472
B 4 18 809
B 4 19 645
B 4 20 178
B 4 21 901
B 4 22 873
B 4 23 592
B 4 24 628
B 4 25 408
B 4 26 935
B 4 27 586
B 4 28 359
B 4 29 406
B 4 30 237
B 4 31 154
B 4 32 728
B 4 33 363
B 4 34 920
B 4 35 582
B 4 36 643
B 4 37 726
B 4 38 575
B 4 39 315
B 4 40 392
B 4 41 125
B 4 42 161
B 4 43 452
B 4 44 257
B 4 45 379
B 4 46 394
B 4 47 768
B 4 48 851
B 4 49 555
B 5 0 765
B 5 1 381
B 5 2 456
B 5 3 639
B 5 4 325
B 5 5 85
B 5 6 47
B 5 7 612
B 5 8 671
B 5 9 758
B 5 10 18
B 5 11 261
B 5 12 912
B 5 13 98
B 5 14 624
B 5 15 833
B 5 16 680
B 5 17 619
B 5 18 911
B 5 19 256
B 5 20 934
B 5 21 304
B 5 22 733
B 5 23 95
B 5 24 108
B 5 25 342
B 5 26 474
B 5 27 502
B 5 28 462
B 5 29 677
B 5 30 57
B 5 31 228
B 5 32 411
B 5 33 513
B 5 34 219
B 5 35 88
B 5 36 950
B 5 37 618
B 5 38 701
B 5 39 622
B 5 40 376
B 5 41 71
B 5 42 235
B 5 43 640
B 5 44 170
B 5 45 211
B 5 46 825
B 5 47 202
B 5 48 830
B 5 49 737
B 6 0 810
B 6 1 764
B 6 2 393
B 6 3 895
B 6 4 211
B 6 5 501
B 6 6 238
B 6 7 37
B 6 8 3
B 6 9 52
B 6 10 714
B 6 11 412
B 6 12 280
B 6 13 477
B 6 14 277
B 6 15 851
B 6 16 566
B 6 17 228
B 6 18 469
B 6 19 619
B 6 20 202
B 6 21 197
B 6 22 690
B 6 23 789
B 6 24 838
B 6 25 212
B 6 26 0
B 6 27 663
B 6 28 415
B 6 29 830
B 6 30 752
B 6 31 577
B 6 32 946
B 6 33 145
B 6 34 473
B 6 35 157
B 6 36 646
B 6 37 63
B 6 38 194
B 6 39 1
B 6 40 115
B 6 41 260
B 6 42 765
B 6 43 396
B 6 44 738
B 6 45 43
B 6 46 599
B 6 47 304
B 6 48 623
B 6 49 421
B 7 0 923
B 7 1 177
B 7 2 618
B 7 3 965
B 7 4 966
B 7 5 808
B 7 6 178
B 7 7 966
B 7 8 824
B 7 9 945
B 7 10 148
B 7 11 576
B 7 12 874
B 7 13 94
B 7 14 74
B 7 15 347
B 7 16 603
B 7 17 72
B 7 18 410
B 7 19 797
B 7 20 74
B 7 21 526
B 7 22 409
B 7 23 191
B 7 24 274
B 7 25 147
B 7 26 586
B 7 27 225
B 7 28 803
B 7 29 209
B 7 30 646
B 7 31 78
B 7 32 738
B 7 33 265
B 7 34 396
B 7 35 56
B 7 36 425
B 7 37 926
B 7 38 374
B 7 39 249
B 7 40 223
B 7 41 522
B 7 42 178
B 7 43 97
B 7 44 968
B 7 45 252
B 7 46 797
B 7 47 571
B 7 48 324
B 7 49 559
B 8 0 720
B 8 1 750
B 8 2 85
B 8 3 130
B 8 4 942
B 8 5 711
B 8 6 629
B 8 7 528
B 8 8 937
B 8 9 785
B 8 10 90
B 8 11 935
B 8 12 863
B 8 13 180
B 8 14 552
B 8 15 611
B 8 16 237
B 8 17 978
B 8 18 537
B 8 19 611
B 8 20 227
B 8 21 760
B 8 22 486
B 8 23 757
B 8 24 858
B 8 25 454
B 8 26 9
B 8 27 7
B 8 28 378
B 8 29 334
B 8 30 566
B 8 31 98
B 8 32 436
B 8 33 652
B 8 34 580
B 8 35 378
B 8 36 715
B 8 37 210
B 8 38 259
B 8 39 4
B 8 40 995
B 8 41 349
B 8 42 940
B 8 43 210
B 8 44 529
B 8 45 492
B 8 46 822
B 8 47 118
B 8 48 822
B 8 49 359
B 9 0 730
B 9 1 402
B 9 2 472
B 9 3 216
B 9 4 159
B 9 5 330
B 9 6 670
B 9 7 169
B 9 8 337
B 9 9 48
B 9 10 855
B 9 11 255
B 9 12 499
B 9 13 291
B 9 14 907
B 9 15 79
B 9 16 22
B 9 17 975
B 9 18 641
B 9 19 281
B 9 20 331
B 9 21 988
B 9 22 630
B 9 23 271
B 9 24 199
B 9 25 511
B 9 26 116
B 9 27 373
B 9 28 630
B 9 29 938
B 9 30 84
B 9 31 360
B 9 32 692
B 9 33 556
B 9 34 928
B 9 35 852
B 9 36 238
B 9 37 950
B 9 38 373
B 9 39 927
B 9 40 351
B 9 41 228
B 9 42 183
B 9 43 850
B 9 44 871
B 9 45 442
B 9 46 281
B 9 47 893
B 9 48 417
B 9 49 923
B 10 0 174
B 10 1 749
B 10 2 263
B 10 3 156
B 10 4 372
B 10 5 462
B 10 6 668
B 10 7 840
B 10 8 187
B 10 9 298
B 10 10 131
B 10 11 272
B 10 12 10
B 10 13 823
B 10 14 828
B 10 15 290
B 10 16 27
B 10 17 67
B 10 18 240
B 10 19 400
B 10 20 346
B 10 21 591
B 10 22 980
B 10 23 529
B 10 24 793
B 10 25 852
B 10 26 972
B 10 27 427
B 10 28 745
B 10 29 741
B 10 30 702
B 10 31 272
B 10 32 842
B 10 33 965
B 10 34 428
B 10 35 567
B 10 36 780
B 10 37 96
B 10 38 407
B 10 39 967
B 10 40 746
B 10 41 890
B 10 42 239
B 10 43 108
B 10 44 66
B 10 45 420
B 10 46 398
B 10 47 93
B 10 48 839
B 10 49 639
B 11 0 494
B 11 1 185
B 11 2 582
B 11 3 826
B 11 4 715
B 11 5 728
B 11 6 678
B 11 7 39
B 11 8 507
B 11 9 776
B 11 10 780
B 11 11 209
B 11 12 48
B 11 13 623
B 11 14 174
B 11 15 476
B 11 16 190
B 11 17 954
B 11 18 925
B 11 19 949
B 11 20 274
B 11 21 23
B 11 22 192
B 11 23 513
B 11 24 132
B 11 25 258
B 11 26 933
B 11 27 530
B 11 28 703
B 11 29 772
B 11 30 521
B 11 31 549
B 11 32 310
B 11 33 456
B 11 34 376
B 11 35 25
B 11 36 536
B 11 37 54
B 11 38 64
B 11 39 43
B 11 40 182
B 11 41 196
B 11 42 604
B 11 43 230
B 11 44 819
B 11 45 778
B 11 46 59
B 11 47 361
B 11 48 85
B 11 49 336
B 12 0 663
B 12 1 359
B 12 2 359
B 12 3 207
B 12 4 224
B 12 5 491
B 12 6 817
B 12 7 510
B 12 8 374
B 12 9 520
B 12 10 634
B 12 11 247
B 12 12 422
B 12 13 944
B 12 14 703
B 12 15 798
B 12 16 969
B 12 17 591
B 12 18 204
B 12 19 385
B 12 20 986
B 12 21 387
B 12 22 582
B 12 23 590
B 12 24 969
B 12 25 753
B 12 26 721
B 12 27 380
B 12 28 467
B 12 29 158
B 12 30 716
B 12 31 482
B 12 32 517
B 12 33 76
B 12 34 689
B 12 35 93
B 12 36 919
B 12 37 506
B 12 38 603
B 12 39 645
B 12 40 378
B 12 41 238
B 12 42 893
B 12 43 800
B 12 44 182
B 12 45 948
B 12 46 950
B 12 47 504
B 12 48 540
B 12 49 155
B 13 0 889
B 13 1 526
B 13 2 894
B 13 3 823
B 13 4 469
B 13 5 863
B 13 6 929
B 13 7 190
B 13 8 244
B 13 9 748
B 13 10 348
B 13 11 960
B 13 12 230
B 13 13 217
B 13 14 388
B 13 15 271
B 13 16 310
B 13 17 308
B 13 18 129
B 13 19 266
B 13 20 953
B 13 21 507
B 13 22 504
B 13 23 198
B 13 24 660
B 13 25 38
B 13 26 147
B 13 27 610
B 13 28 542
B 13 29 39
B 13 30 117
B 13 31 784
B 13 32 917
B 13 33 11
B 13 34 959
B 13 35 386
B 13 36 875
B 13 37 888
B 13 38 576
B 13 39 471
B 13 40 636
B 13 41 276
B 13 42 783
B 13 43 218
B 13 44 493
B 13 45 172
B 13 46 489
B 13 47 156
B 13 48 832
B 13 49 618
B 14 0 422
B 14 1 137
B 14 2 478
B 14 3 278
B 14 4 336
B 14 5 490
B 14 6 316
B 14 7 835
B 14 8 100
B 14 9 859
B 14 10 874
B 14 11 218
B 14 12 995
B 14 13 791
B 14 14 581
B 14 15 954
B 14 16 530
B 14 17 456
B 14 18 195
B 14 19 458
B 14 20 279
B 14 21 831
B 14 22 735
B 14 23 63
B 14 24 50
B 14 25 580
B 14 26 235
B 14 27 891
B 14 28 736
B 14 29 419
B 14 30 862
B 14 31 510
B 14 32 556
B 14 33 340
B 14 34 788
B 14 35 244
B 14 36 830
B 14 37 105
B 14 38 79
B 14 39 282
B 14 40 316
B 14 41 953
B 14 42 852
B 14 43 311
B 14 44 97
B 14 45 434
B 14 46 617
B 14 47 627
B 14 48 242
B 14 49 812
B 15 0 85
B 15 1 522
B 15 2 996
B 15 3 172
B 15 4 585
B 15 5 398
B 15 6 753
B 15 7 172
B 15 8 289
B 15 9 841
B 15 10 591
B 15 11 151
B 15 12 352
B 15 13 147
B 15 14 843
B 15 15 140
B 15 16 392
B 15 17 25
B 15 18 597
B 15 19 823
B 15 20 308
B 15 21 913
B 15 22 777
B 15 23 160
B 15 24 576
B 15 25 226
B 15 26 946
B 15 27 546
B 15 28 853
B 15 29 189
B 15 30 358
B 15 31 290
B 15 32 63
B 15 33 706
B 15 34 463
B 15 35 0
B 15 36 104
B 15 37 568
B 15 38 172
B 15 39 746
B 15 40 409
B 15 41 115
B 15 42 897
B 15 43 761
B 15 44 614
B 15 45 93
B 15 46 254
B 15 47 358
B 15 48 118
B 15 49 203
B 16 0 182
B 16 1 426
B 16 2 469
B 16 3 311
B 16 4 939
B 16 5 397
B 16 6 537
B 16 7 237
B 16 8 943
B 16 9 742
B 16 10 778
B 16 11 302
B 16 12 32
B 16 13 841
B 16 14 8
B 16 15 847
B 16 16 193
B 16 17 465
B 16 18 415
B 16 19 717
B 16 20 211
B 16 21 825
B 16 22 832
B 16 23 460
B 16 24 938
B 16 25 447
B 16 26 553
B 16 27 544
B 16 28 157
B 16 29 24
B 16 30 748
B 16 31 339
B 16 32 450
B 16 33 217
B 16 34 650
B 16 35 741
B 16 36 614
B 16 37 187
B 16 38 331
B 16 39 558
B 16 40 929
B 16 41 109
B 16 42 212
B 16 43 314
B 16 44 303
B 16 45 572
B 16 46 161
B 16 47 496
B 16 48 37
B 16 49 577
B 17 0 566
B 17 1 248
B 17 2 402
B 17 3 398
B 17 4 61
B 17 5 692
B 17 6 197
B 17 7 614
B 17 8 237
B 17 9 355
B 17 10 638
B 17 11 985
B 17 12 46
B 17 13 441
B 17 14 554
B 17 15 697
B 17 16 534
B 17 17 520
B 17 18 884
B 17 19 865
B 17 20 430
B 17 21 166
B 17 22 975
B 17 23 642
B 17 24 480
B 17 25 630
B 17 26 567
B 17 27 641
B 17 28 478
B 17 29 604
B 17 30 218
B 17 31 44
B 17 32 205
B 17 33 972
B 17 34 795
B 17 35 266
B 17 36 665
B 17 37 992
B 17 38 232
B 17 39 254
B 17 40 699
B 17 41 223
B 17 42 591
B 17 43 746
B 17 44 664
B 17 45 145
B 17 46 795
B 17 47 550
B 17 48 665
B 17 49 679
B 18 0 416
B 18 1 448
B 18 2 197
B 18 3 743
B 18 4 90
B 18 5 677
B 18 6 725
B 18 7 657
B 18 8 671
B 18 9 203
B 18 10 614
B 18 11 889
B 18 12 248
B 18 13 819
B 18 14 214
B 18 15 43
B 18 16 437
B 18 17 231
B 18 18 387
B 18 19 669
B 18 20 837
B 18 21 439
B 18 22 892
B 18 23 428
B 18 24 537
B 18 25 908
B 18 26 573
B 18 27 332
B 18 28 459
B 18 29 590
B 18 30 11
B 18 31 227
B 18 32 38
B 18 33 561
B 18 34 322
B 18 35 481
B 18 36 238
B 18 37 47
B 18 38 490
B 18 39 909
B 18 40 602
B 18 41 456
B 18 42 151
B 18 43 850
B 18 44 275
B 18 45 717
B 18 46 245
B 18 47 64
B 18 48 300
B 18 49 985
B 19 0 86
B 19 1 137
B 19 2 424
B 19 3 978
B 19 4 565
B 19 5 961
B 19 6 239
B 19 7 490
B 19 8 293
B 19 9 50
B 19 10 432
B 19 11 656
B 19 12 277
B 19 13 823
B 19 14 217
B 19 15 951
B 19 16 656
B 19 17 808
B 19 18 350
B 19 19 146
B 19 20 69
B 19 21 952
B 19 22 603
B 19 23 220
B 19 24 155
B 19 25 230
B 19 26 289
B 19 27 400
B 19 28 295
B 19 29 589
B 19 30 385
B 19 31 733
B 19 32 726
B 19 33 161
B 19 34 711
B 19 35 643
B 19 36 474
B 19 37 302
B 19 38 485
B 19 39 119
B 19 40 352
B 19 41 918
B 19 42 776
B 19 43 981
B 19 44 741
B 19 45 345
B 19 46 284
B 19 47 397
B 19 48 505
B 19 49 634
B 20 0 895
B 20 1 575
B 20 2 587
B 20 3 850
B 20 4 147
B 20 5 742
B 20 6 433
B 20 7 437
B 20 8 494
B 20 9 80
B 20 10 378
B 20 11 232
B 20 12 813
B 20 13 457
B 20 14 393
B 20 15 876
B 20 16 100
B 20 17 868
B 20 18 179
B 20 19 586
B 20 20 339
B 20 21 883
B 20 22 856
B 20 23 467
B 20 24 217
B 20 25 949
B 20 26 813
B 20 27 501
B 20 28 698
B 20 29 670
B 20 30 136
B 20 31 593
B 20 32 245
B 20 33 75
B 20 34 796
B 20 35 745
B 20 36 169
B 20 37 229
B 20 38 534
B 20 39 663
B 20 40 309
B 20 41 912
B 20 42 895
B 20 43 122
B 20 44 721
B 20 45 641
B 20 46 998
B 20 47 174
B 20 48 861
B 20 49 529
B 21 0 112
B 21 1 200
B 21 2 413
B 21 3 968
B 21 4 668
B 21 5 982
B 21 6 917
B 21 7 833
B 21 8 483
B 21 9 967
B 21 10 503
B 21 11 971
B 21 12 912
B 21 13 101
B 21 14 46
B 21 15 708
B 21 16 846
B 21 17 215
B 21 18 289
B 21 19 732
B 21 20 231
B 21 21 598
B 21 22 644
B 21 23 126
B 21 24 72
B 21 25 718
B 21 26 767
B 21 27 423
B 21 28 892
B 21 29 628
B 21 30 952
B 21 31 4
B 21 32 181
B 21 33 717
B 21 34 972
B 21 35 849
B 21 36 699
B 21 37 241
B 21 38 682
B 21 39 535
B 21 40 208
B 21 41 537
B 21 42 506
B 21 43 120
B 21 44 638
B 21 45 905
B 21 46 181
B 21 47 836
B 21 48 472
B 21 49 470
B 22 0 568
B 22 1 703
B 22 2 421
B 22 3 565
B 22 4 182
B 22 5 493
B 22 6 283
B 22 7 949
B 22 8 268
B 22 9 527
B 22 10 930
B 22 11 221
B 22 12 531
B 22 13 463
B 22 14 290
B 22 15 855
B 22 16 312
B 22 17 342
B 22 18 448
B 22 19 346
B 22 20 229
B 22 21 8
B 22 22 235
B 22 23 735
B 22 24 480
B 22 25 226
B 22 26 992
B 22 27 661
B 22 28 414
B 22 29 465
B 22 30 484
B 22 31 983
B 22 32 520
B 22 33 905
B 22 34 900
B 22 35 702
B 22 36 398
B 22 37 535
B 22 38 4
B 22 39 667
B 22 40 62
B 22 41 286
B 22 42 240
B 22 43 945
B 22 44 749
B 22 45 882
B 22 46 800
B 22 47 413
B 22 48 576
B 22 49 248
B 23 0 759
B 23 1 805
B 23 2 256
B 23 3 346
B 23 4 893
B 23 5 736
B 23 6 572
B 23 7 237
B 23 8 750
B 23 9 987
B 23 10 54
B 23 11 234
B 23 12 322
B 23 13 575
B 23 14 139
B 23 15 222
B 23 16 277
B 23 17 889
B 23 18 109
B 23 19 281
B 23 20 908
B 23 21 171
B 23 22 567
B 23 23 500
B 23 24 116
B 23 25 668
B 23 26 735
B 23 27 268
B 23 28 81
B 23 29 311
B 23 30 868
B 23 31 192
B 23 32 469
B 23 33 476
B 23 34 539
B 23 35 714
B 23 36 564
B 23 37 111
B 23 38 951
B 23 39 314
B 23 40 98
B 23 41 6
B 23 42 548
B 23 43 772
B 23 44 581
B 23 45 39
B 23 46 994
B 23 47 210
B 23 48 281
B 23 49 455
B 24 0 844
B 24 1 189
B 24 2 978
B 24 3 763
B 24 4 42
B 24 5 446
B 24 6 432
B 24 7 777
B 24 8 714
B 24 9 513
B 24 10 440
B 24 11 582
B 24 12 706
B 24 13 261
B 24 14 58
B 24 15 245
B 24 16 975
B 24 17 623
B 24 18 708
B 24 19 279
B 24 20 289
B 24 21 159
B 24 22 637
B 24 23 190
B 24 24 931
B 24 25 570
B 24 26 229
B 24 27 278
B 24 28 780
B 24 29 862
B 24 30 733
B 24 31 976
B 24 32 404
B 24 33 712
B 24 34 740
B 24 35 446
B 24 36 158
B 24 37 524
B 24 38 575
B 24 39 873
B 24 40 389
B 24 41 367
B 24 42 807
B 24 43 447
B 24 44 629
B 24 45 218
B 24 46 44
B 24 47 956
B 24 48 193
B 24 49 753
B 25 0 587
B 25 1 482
B 25 2 912
B 25 3 224
B 25 4 24
B 25 5 843
B 25 6 146
B 25 7 254
B 25 8 473
B 25 9 279
B 25 10 468
B 25 11 207
B 25 12 255
B 25 13 872
B 25 14 919
B 25 15 347
B 25 16 318
B 25 17 429
B 25 18 871
B 25 19 245
B 25 20 654
B 25 21 613
B 25 22 613
B 25 23 462
B 25 24 60
B 25 25 594
B 25 26 32
B 25 27 105
B 25 28 902
B 25 29 577
B 25 30 858
B 25 31 490
B 25 32 411
B 25 33 122
B 25 34 66
B 25 35 436
B 25 36 317
B 25 37 565
B 25 38 42
B 25 39 791
B 25 40 844
B 25 41 510
B 25 42 998
B 25 43 451
B 25 44 383
B 25 45 269
B 25 46 799
B 25 47 53
B 25 48 698
B 25 49 22
B 26 0 299
B 26 1 705
B 26 2 635
B 26 3 264
B 26 4 519
B 26 5 696
B 26 6 858
B 26 7 551
B 26 8 153
B 26 9 760
B 26 10 128
B 26 11 363
B 26 12 602
B 26 13 539
B 26 14 485
B 26 15 21
B 26 16 327
B 26 17 154
B 26 18 586
B 26 19 369
B 26 20 945
B 26 21 782
B 26 22 880
B 26 23 295
B 26 24 233
B 26 25 615
B 26 26 916
B 26 27 32
B 26 28 668
B 26 29 967
B 26 30 407
B 26 31 967
B 26 32 672
B 26 33 42
B 26 34 231
B 26 35 191
B 26 36 90
B 26 37 441
B 26 38 94
B 26 39 243
B 26 40 554
B 26 41 222
B 26 42 606
B 26 43 156
B 26 44 113
B 26 45 443
B 26 46 529
B 26 47 441
B 26 48 950
B 26 49 115
B 27 0 810
B 27 1 247
B 27 2 897
B 27 3 42
B 27 4 543
B 27 5 483
B 27 6 657
B 27 7 811
B 27 8 515
B 27 9 678
B 27 10 778
B 27 11 922
B 27 12 645
B 27 13 802
B 27 14 317
B 27 15 229
B 27 16 345
B 27 17 407
B 27 18 670
B 27 19 439
B 27 20 3
B 27 21 576
B 27 22 661
B 27 23 961
B 27 24 733
B 27 25 127
B 27 26 757
B 27 27 262
B 27 28 920
B 27 29 707
B 27 30 730
B 27 31 82
B 27 32 954
B 27 33 979
B 27 34 125
B 27 35 849
B 27 36 462
B 27 37 134
B 27 38 661
B 27 39 330
B 27 40 812
B 27 41 791
B 27 42 252
B 27 43 810
B 27 44 946
B 27 45 921
B 27 46 391
B 27 47 291
B 27 48 681
B 27 49 413
B 28 0 731
B 28 1 684
B 28 2 990
B 28 3 744
B 28 4 997
B 28 5 723
B 28 6 871
B 28 7 754
B 28 8 337
B 28 9 143
B 28 10 461
B 28 11 419
B 28 12 226
B 28 13 768
B 28 14 399
B 28 15 703
B 28 16 617
B 28 17 861
B 28 18 837
B 28 19 630
B 28 20 543
B 28 21 2
B 28 22 774
B 28 23 148
B 28 24 812
B 28 25 720
B 28 26 69
B 28 27 203
B 28 28 11
B 28 29 750
B 28 30 616
B 28 31 742
B 28 32 786
B 28 33 606
B 28 34 839
B 28 35 784
B 28 36 681
B 28 37 62
B 28 38 538
B 28 39 371
B 28 40 206
B 28 41 352
B 28 42 790
B 28 43 432
B 28 44 120
B 28 45 541
B 28 46 487
B 28 47 737
B 28 48 755
B 28 49 324
B 29 0 720
B 29 1 298
B 29 2 678
B 29 3 494
B 29 4 446
B 29 5 490
B 29 6 214
B 29 7 516
B 29 8 45
B 29 9 225
B 29 10 618
B 29 11 14
B 29 12 320
B 29 13 405
B 29 14 972
B 29 15 159
B 29 16 189
B 29 17 6
B 29 18 573
B 29 19 727
B 29 20 377
B 29 21 779
B 29 22 79
B 29 23 167
B 29 24 563
B 29 25 199
B 29 26 709
B 29 27 50
B 29 28 289
B 29 29 464
B 29 30 727
B 29 31 9
B 29 32 114
B 29 33 405
B 29 34 503
B 29 35 561
B 29 36 248
B 29 37 69
B 29 38 77
B 29 39 293
B 29 40 294
B 29 41 695
B 29 42 307
B 29 43 966
B 29 44 100
B 29 45 632
B 29 46 477
B 29 47 641
B 29 48 638
B 29 49 51
B 30 0 369
B 30 1 15
B 30 2 830
B 30 3 800
B 30 4 534
B 30 5 746
B 30 6 352
B 30 7 595
B 30 8 796
B 30 9 993
B 30 10 411
B 30 11 875
B 30 12 354
B 30 13 526
B 30 14 281
B 30 15 857
B 30 16 87
B 30 17 529
B 30 18 278
B 30 19 516
B 30 20 174
B 30 21 572
B 30 22 211
B 30 23 834
B 30 24 891
B 30 25 664
B 30 26 466
B 30 27 720
B 30 28 305
B 30 29 104
B 30 30 771
B 30 31 26
B 30 32 471
B 30 33 954
B 30 34 179
B 30 35 5
B 30 36 700
B 30 37 531
B 30 38 953
B 30 39 848
B 30 40 876
B 30 41 364
B 30 42 724
B 30 43 230
B 30 44 242
B 30 45 5
B 30 46 439
B 30 47 329
B 30 48 886
B 30 49 717
B 31 0 845
B 31 1 60
B 31 2 641
B 31 3 409
B 31 4 894
B 31 5 532
B 31 6 425
B 31 7 360
B 31 8 253
B 31 9 730
B 31 10 816
B 31 11 376
B 31 12 109
B 31 13 287
B 31 14 330
B 31 15 288
B 31 16 645
B 31 17 382
B 31 18 171
B 31 19 598
B 31 20 583
B 31 21 47
B 31 22 314
B 31 23 307
B 31 24 629
B 31 25 557
B 31 26 664
B 31 27 68
B 31 28 238
B 31 29 550
B 31 30 785
B 31 31 84
B 31 32 962
B 31 33 426
B 31 34 845
B 31 35 857
B 31 36 959
B 31 37 270
B 31 38 569
B 31 39 564
B 31 40 0
B 31 41 738
B 31 42 940
B 31 43 461
B 31 44 377
B 31 45 623
B 31 46 749
B 31 47 22
B 31 48 357
B 31 49 272
B 32 0 972
B 32 1 940
B 32 2 671
B 32 3 639
B 32 4 247
B 32 5 300
B 32 6 196
B 32 7 263
B 32 8 368
B 32 9 434
B 32 10 165
B 32 11 153
B 32 12 870
B 32 13 128
B 32 14 580
B 32 15 715
B 32 16 337
B 32 17 891
B 32 18 985
B 32 19 258
B 32 20 807
B 32 21 338
B 32 22 996
B 32 23 747
B 32 24 799
B 32 25 374
B 32 26 722
B 32 27 901
B 32 28 748
B 32 29 80
B 32 30 525
B 32 31 73
B 32 32 20
B 32 33 197
B 32 34 712
B 32 35 620
B 32 36 497
B 32 37 260
B 32 38 883
B 32 39 866
B 32 40 46
B 32 41 401
B 32 42 371
B 32 43 269
B 32 44 881
B 32 45 951
B 32 46 336
B 32 47 218
B 32 48 194
B 32 49 322
B 33 0 828
B 33 1 1
B 33 2 12
B 33 3 177
B 33 4 101
B 33 5 163
B 33 6 903
B 33 7 175
B 33 8 416
B 33 9 3
B 33 10 255
B 33 11 942
B 33 12 76
B 33 13 628
B 33 14 139
B 33 15 140
B 33 16 248
B 33 17 988
B 33 18 400
B 33 19 483
B 33 20 854
B 33 21 799
B 33 22 236
B 33 23 578
B 33 24 68
B 33 25 117
B 33 26 529
B 33 27 404
B 33 28 687
B 33 29 76
B 33 30 78
B 33 31 516
B 33 32 429
B 33 33 442
B 33 34 45
B 33 35 530
B 33 36 606
B 33 37 948
B 33 38 58
B 33 39 374
B 33 40 303
B 33 41 313
B 33 42 316
B 33 43 380
B 33 44 293
B 33 45 807
B 33 46 520
B 33 47 893
B 33 48 796
B 33 49 273
B 34 0 729
B 34 1 2
B 34 2 424
B 34 3 965
B 34 4 580
B 34 5 492
B 34 6 83
B 34 7 462
B 34 8 248
B 34 9 770
B 34 10 538
B 34 11 679
B 34 12 638
B 34 13 319
B 34 14 121
B 34 15 35
B 34 16 850
B 34 17 79
B 34 18 335
B 34 19 260
B 34 20 454
B 34 21 639
B 34 22 573
B 34 23 770
B 34 24 19
B 34 25 219
B 34 26 930
B 34 27 891
B 34 28 112
B 34 29 726
B 34 30 516
B 34 31 841
B 34 32 728
B 34 33 940
B 34 34 159
B 34 35 661
B 34 36 784
B 34 37 242
B 34 38 123
B 34 39 385
B 34 40 364
B 34 41 13
B 34 42 64
B 34 43 355
B 34 44 332
B 34 45 185
B 34 46 390
B 34 47 534
B 34 48 617
B 34 49 726
B 35 0 794
B 35 1 71
B 35 2 717
B 35 3 720
B 35 4 193
B 35 5 736
B 35 6 291
B 35 7 123
B 35 8 979
B 35 9 403
B 35 10 849
B 35 11 496
B 35 12 597
B 35 13 930
B 35 14 788
B 35 15 756
B 35 16 943
B 35 17 925
B 35 18 350
B 35 19 66
B 35 20 662
B 35 21 66
B 35 22 431
B 35 23 726
B 35 24 421
B 35 25 115
B 35 26 263
B 35 27 164
B 35 28 2
B 35 29 880
B 35 30 242
B 35 31 148
B 35 32 951
B 35 33 959
B 35 34 220
B 35 35 145
B 35 36 47
B 35 37 511
B 35 38 620
B 35 39 26
B 35 40 267
B 35 41 470
B 35 42 874
B 35 43 864
B 35 44 752
B 35 45 15
B 35 46 620
B 35 47 695
B 35 48 292
B 35 49 322
B 36 0 113
B 36 1 954
B 36 2 388
B 36 3 896
B 36 4 680
B 36 5 810
B 36 6 11
B 36 7 295
B 36 8 326
B 36 9 365
B 36 10 176
B 36 11 920
B 36 12 514
B 36 13 479
B 36 14 879
B 36 15 86
B 36 16 976
B 36 17 926
B 36 18 598
B 36 19 597
B 36 20 304
B 36 21 865
B 36 22 419
B 36 23 531
B 36 24 729
B 36 25 523
B 36 26 546
B 36 27 701
B 36 28 218
B 36 29 190
B 36 30 23
B 36 31 331
B 36 32 144
B 36 33 411
B 36 34 227
B 36 35 824
B 36 36 573
B 36 37 590
B 36 38 471
B 36 39 899
B 36 40 956
B 36 41 999
B 36 42 819
B 36 43 822
B 36 44 479
B 36 45 50
B 36 46 908
B 36 47 807
B 36 48 328
B 36 49 858
B 37 0 756
B 37 1 985
B 37 2 723
B 37 3 527
B 37 4 516
B 37 5 804
B 37 6 50
B 37 7 414
B 37 8 857
B 37 9 268
B 37 10 604
B 37 11 232
B 37 12 951
B 37 13 748
B 37 14 644
B 37 15 530
B 37 16 924
B 37 17 569
B 37 18 473
B 37 19 747
B 37 20 821
B 37 21 429
B 37 22 747
B 37 23 992
B 37 24 603
B 37 25 226
B 37 26 43
B 37 27 863
B 37 28 385
B 37 29 723
B 37 30 722
B 37 31 494
B 37 32 708
B 37 33 797
B 37 34 21
B 37 35 576
B 37 36 954
B 37 37 72
B 37 38 990
B 37 39 811
B 37 40 340
B 37 41 946
B 37 42 44
B 37 43 644
B 37 44 46
B 37 45 40
B 37 46 174
B 37 47 322
B 37 48 609
B 37 49 647
B 38 0 70
B 38 1 430
B 38 2 428
B 38 3 817
B 38 4 775
B 38 5 383
B 38 6 395
B 38 7 170
B 38 8 247
B 38 9 132
B 38 10 893
B 38 11 321
B 38 12 626
B 38 13 954
B 38 14 470
B 38 15 648
B 38 16 530
B 38 17 424
B 38 18 720
B 38 19 873
B 38 20 588
B 38 21 412
B 38 22 819
B 38 23 984
B 38 24 408
B 38 25 218
B 38 26 24
B 38 27 935
B 38 28 892
B 38 29 985
B 38 30 582
B 38 31 962
B 38 32 768
B 38 33 363
B 38 34 131
B 38 35 543
B 38 36 98
B 38 37 526
B 38 38 713
B 38 39 697
B 38 40 11
B 38 41 958
B 38 42 18
B 38 43 637
B 38 44 912
B 38 45 841
B 38 46 637
B 38 47 443
B 38 48 265
B 38 49 709
B 39 0 316
B 39 1 205
B 39 2 122
B 39 3 487
B 39 4 189
B 39 5 882
B 39 6 57
B 39 7 565
B 39 8 817
B 39 9 950
B 39 10 551
B 39 11 752
B 39 12 912
B 39 13 671
B 39 14 115
B 39 15 396
B 39 16 214
B 39 17 213
B 39 18 274
B 39 19 279
B 39 20 911
B 39 21 285
B 39 22 237
B 39 23 281
B 39 24 923
B 39 25 150
B 39 26 122
B 39 27 560
B 39 28 945
B 39 29 740
B 39 30 270
B 39 31 261
B 39 32 297
B 39 33 744
B 39 34 100
B 39 35 487
B 39 36 626
B 39 37 158
B 39 38 404
B 39 39 796
B 39 40 460
B 39 41 955
B 39 42 548
B 39 43 724
B 39 44 978
B 39 45 15
B 39 46 120
B 39 47 192
B 39 48 228
B 39 49 395
B 40 0 823
B 40 1 491
B 40 2 680
B 40 3 61
B 40 4 125
B 40 5 955
B 40 6 563
B 40 7 247
B 40 8 516
B 40 9 508
B 40 10 339
B 40 11 138
B 40 12 121
B 40 13 637
B 40 14 882
B 40 15 573
B 40 16 476
B 40 17 860
B 40 18 83
B 40 19 880
B 40 20 656
B 40 21 543
B 40 22 188
B 40 23 556
B 40 24 268
B 40 25 166
B 40 26 571
B 40 27 740
B 40 28 711
B 40 29 152
B 40 30 135
B 40 31 886
B 40 32 643
B 40 33 168
B 40 34 299
B 40 35 768
B 40 36 123
B 40 37 862
B 40 38 368
B 40 39 991
B 40 40 722
B 40 41 59
B 40 42 481
B 40 43 195
B 40 44 48
B 40 45 715
B 40 46 769
B 40 47 524
B 40 48 576
B 40 49 852
B 41 0 757
B 41 1 584
B 41 2 748
B 41 3 297
B 41 4 141
B 41 5 16
B 41 6 815
B 41 7 64
B 41 8 108
B 41 9 526
B 41 10 216
B 41 11 596
B 41 12 413
B 41 13 860
B 41 14 116
B 41 15 712
B 41 16 980
B 41 17 591
B 41 18 927
B 41 19 700
B 41 20 583
B 41 21 649
B 41 22 760
B 41 23 64
B 41 24 197
B 41 25 808
B 41 26 132
B 41 27 966
B 41 28 685
B 41 29 708
B 41 30 170
B 41 31 442
B 41 32 644
B 41 33 918
B 41 34 739
B 41 35 137
B 41 36 286
B 41 37 554
B 41 38 202
B 41 39 395
B 41 40 433
B 41 41 418
B 41 42 991
B 41 43 198
B 41 44 630
B 41 45 459
B 41 46 262
B 41 47 963
B 41 48 50
B 41 49 189
B 42 0 663
B 42 1 633
B 42 2 191
B 42 3 423
B 42 4 50
B 42 5 388
B 42 6 584
B 42 7 182
B 42 8 706
B 42 9 269
B 42 10 242
B 42 11 876
B 42 12 711
B 42 13 238
B 42 14 795
B 42 15 802
B 42 16 376
B 42 17 81
B 42 18 356
B 42 19 930
B 42 20 828
B 42 21 141
B 42 22 700
B 42 23 819
B 42 24 339
B 42 25 683
B 42 26 278
B 42 27 602
B 42 28 646
B 42 29 681
B 42 30 143
B 42 31 309
B 42 32 314
B 42 33 334
B 42 34 85
B 42 35 716
B 42 36 74
B 42 37 669
B 42 38 250
B 42 39 780
B 42 40 938
B 42 41 844
B 42 42 657
B 42 43 649
B 42 44 83
B 42 45 452
B 42 46 803
B 42 47 811
B 42 48 885
B 42 49 511
B 43 0 93
B 43 1 714
B 43 2 653
B 43 3 793
B 43 4 885
B 43 5 344
B 43 6 476
B 43 7 516
B 43 8 298
B 43 9 474
B 43 10 197
B 43 11 442
B 43 12 784
B 43 13 863
B 43 14 128
B 43 15 221
B 43 16 580
B 43 17 555
B 43 18 890
B 43 19 182
B 43 20 335
B 43 21 828
B 43 22 27
B 43 23 344
B 43 24 829
B 43 25 110
B 43 26 148
B 43 27 984
B 43 28 273
B 43 29 34
B 43 30 495
B 43 31 366
B 43 32 100
B 43 33 148
B 43 34 511
B 43 35 985
B 43 36 845
B 43 37 340
B 43 38 853
B 43 39 143
B 43 40 814
B 43 41 50
B 43 42 585
B 43 43 950
B 43 44 914
B 43 45 66
B 43 46 171
B 43 47 846
B 43 48 621
B 43 49 413
B 44 0 28
B 44 1 308
B 44 2 593
B 44 3 407
B 44 4 653
B 44 5 774
B 44 6 869
B 44 7 801
B 44 8 758
B 44 9 142
B 44 10 187
B 44 11 254
B 44 12 508
B 44 13 639
B 44 14 754
B 44 15 372
B 44 16 625
B 44 17 599
B 44 18 712
B 44 19 478
B 44 20 743
B 44 21 878
B 44 22 881
B 44 23 680
B 44 24 829
B 44 25 795
B 44 26 746
B 44 27 352
B 44 28 993
B 44 29 719
B 44 30 766
B 44 31 373
B 44 32 28
B 44 33 711
B 44 34 781
B 44 35 681
B 44 36 486
B 44 37 650
B 44 38 834
B 44 39 244
B 44 40 793
B 44 41 374
B 44 42 498
B 44 43 653
B 44 44 13
B 44 45 253
B 44 46 25
B 44 47 990
B 44 48 204
B 44 49 89
B 45 0 821
B 45 1 299
B 45 2 968
B 45 3 702
B 45 4 980
B 45 5 149
B 45 6 849
B 45 7 78
B 45 8 853
B 45 9 842
B 45 10 798
B 45 11 971
B 45 12 215
B 45 13 826
B 45 14 683
B 45 15 996
B 45 16 859
B 45 17 169
B 45 18 647
B 45 19 45
B 45 20 413
B 45 21 792
B 45 22 419
B 45 23 264
B 45 24 445
B 45 25 785
B 45 26 869
B 45 27 823
B 45 28 775
B 45 29 73
B 45 30 912
B 45 31 596
B 45 32 725
B 45 33 232
B 45 34 298
B 45 35 705
B 45 36 381
B 45 37 147
B 45 38 135
B 45 39 235
B 45 40 341
B 45 41 285
B 45 42 206
B 45 43 557
B 45 44 463
B 45 45 241
B 45 46 905
B 45 47 322
B 45 48 410
B 45 49 904
B 46 0 720
B 46 1 176
B 46 2 696
B 46 3 139
B 46 4 440
B 46 5 494
B 46 6 276
B 46 7 309
B 46 8 669
B 46 9 52
B 46 10 734
B 46 11 933
B 46 12 0
B 46 13 459
B 46 14 518
B 46 15 299
B 46 16 516
B 46 17 899
B 46 18 798
B 46 19 4
B 46 20 486
B 46 21 492
B 46 22 289
B 46 23 45
B 46 24 401
B 46 25 753
B 46 26 286
B 46 27 306
B 46 28 427
B 46 29 49
B 46 30 563
B 46 31 147
B 46 32 225
B 46 33 611
B 46 34 639
B 46 35 665
B 46 36 457
B 46 37 915
B 46 38 326
B 46 39 126
B 46 40 319
B 46 41 60
B 46 42 412
B 46 43 320
B 46 44 872
B 46 45 930
B 46 46 971
B 46 47 388
B 46 48 181
B 46 49 121
B 47 0 392
B 47 1 668
B 47 2 613
B 47 3 34
B 47 4 65
B 47 5 14
B 47 6 787
B 47 7 703
B 47 8 321
B 47 9 566
B 47 10 752
B 47 11 884
B 47 12 714
B 47 13 977
B 47 14 847
B 47 15 705
B 47 16 642
B 47 17 305
B 47 18 972
B 47 19 968
B 47 20 431
B 47 21 292
B 47 22 381
B 47 23 843
B 47 24 612
B 47 25 253
B 47 26 125
B 47 27 935
B 47 28 993
B 47 29 307
B 47 30 56
B 47 31 738
B 47 32 327
B 47 33 670
B 47 34 772
B 47 35 392
B 47 36 684
B 47 37 559
B 47 38 95
B 47 39 357
B 47 40 125
B 47 41 848
B 47 42 593
B 47 43 191
B 47 44 825
B 47 45 441
B 47 46 248
B 47 47 820
B 47 48 746
B 47 49 221
B 48 0 140
B 48 1 529
B 48 2 513
B 48 3 521
B 48 4 725
B 48 5 477
B 48 6 126
B 48 7 850
B 48 8 412
B 48 9 120
B 48 10 157
B 48 11 468
B 48 12 858
B 48 13 484
B 48 14 490
B 48 15 982
B 48 16 228
B 48 17 527
B 48 18 541
B 48 19 676
B 48 20 884
B 48 21 18
B 48 22 876
B 48 23 830
B 48 24 562
B 48 25 53
B 48 26 271
B 48 27 810
B 48 28 873
B 48 29 369
B 48 30 31
B 48 31 366
B 48 32 898
B 48 33 896
B 48 34 887
B 48 35 623
B 48 36 725
B 48 37 366
B 48 38 826
B 48 39 137
B 48 40 486
B 48 41 983
B 48 42 958
B 48 43 696
B 48 44 820
B 48 45 800
B 48 46 678
B 48 47 400
B 48 48 327
B 48 49 571
B 49 0 76
B 49 1 564
B 49 2 941
B 49 3 952
B 49 4 394
B 49 5 503
B 49 6 358
B 49 7 17
B 49 8 666
B 49 9 231
B 49 10 386
B 49 11 49
B 49 12 949
B 49 13 636
B 49 14 946
B 49 15 837
B 49 16 612
B 49 17 23
B 49 18 203
B 49 19 438
B 49 20 513
B 49 21 41
B 49 22 773
B 49 23 471
B 49 24 89
B 49 25 945
B 49 26 623
B 49 27 119
B 49 28 346
B 49 29 951
B 49 30 690
B 49 31 774
B 49 32 867
B 49 33 631
B 49 34 79
B 49 35 261
B 49 36 487
B 49 37 437
B 49 38 630
B 49 39 505
B 49 40 20
B 49 41 16
B 49 42 554
B 49 43 970
B 49 44 4
B 49 45 852
B 49 46 159
B 49 47 968
B 49 48 876
B 49 49 714
