A 0 0 363
A 0 1 938
A 0 2 411
A 0 3 34
A 0 4 133
A 0 5 144
A 0 6 442
A 0 7 679
A 0 8 832
A 0 9 911
A 0 10 644
A 0 11 261
A 0 12 894
A 0 13 55
A 0 14 849
A 0 15 427
A 0 16 429
A 0 17 839
A 0 18 845
A 0 19 80
A 0 20 199
A 0 21 902
A 0 22 946
A 0 23 376
A 0 24 602
A 0 25 107
A 0 26 631
A 0 27 679
A 0 28 720
A 0 29 362
A 0 30 342
A 0 31 436
A 0 32 301
A 0 33 106
A 0 34 470
A 0 35 434
A 0 36 250
A 0 37 913
A 0 38 113
A 0 39 435
A 0 40 176
A 0 41 110
A 0 42 696
A 0 43 70
A 0 44 165
A 0 45 545
A 0 46 849
A 0 47 947
A 0 48 736
A 0 49 694
A 1 0 379
A 1 1 287
A 1 2 948
A 1 3 325
A 1 4 663
A 1 5 550
A 1 6 785
A 1 7 295
A 1 8 581
A 1 9 505
A 1 10 9
A 1 11 923
A 1 12 293
A 1 13 310
A 1 14 29
A 1 15 764
A 1 16 97
A 1 17 280
A 1 18 29
A 1 19 210
A 1 20 715
A 1 21 557
A 1 22 672
A 1 23 411
A 1 24 627
A 1 25 838
A 1 26 308
A 1 27 828
A 1 28 137
A 1 29 44
A 1 30 522
A 1 31 868
A 1 32 332
A 1 33 822
A 1 34 193
A 1 35 347
A 1 36 372
A 1 37 978
A 1 38 994
A 1 39 953
A 1 40 836
A 1 41 4
A 1 42 228
A 1 43 481
A 1 44 666
A 1 45 610
A 1 46 597
A 1 47 763
A 1 48 890
A 1 49 626
A 2 0 326
A 2 1 957
A 2 2 183
A 2 3 998
A 2 4 720
A 2 5 162
A 2 6 188
A 2 7 28
A 2 8 990
A 2 9 325
A 2 10 424
A 2 11 864
A 2 12 545
A 2 13 108
A 2 14 686
A 2 15 739
A 2 16 456
A 2 17 410
A 2 18 69
A 2 19 802
A 2 20 363
A 2 21 257
A 2 22 806
A 2 23 944
A 2 24 739
A 2 25 473
A 2 26 554
A 2 27 336
A 2 28 588
A 2 29 796
A 2 30 315
A 2 31 914
A 2 32 753
A 2 33 850
A 2 34 913
A 2 35 473
A 2 36 13
A 2 37 453
A 2 38 853
A 2 39 355
A 2 40 131
A 2 41 629
A 2 42 220
A 2 43 676
A 2 44 738
A 2 45 258
A 2 46 415
A 2 47 546
A 2 48 669
A 2 49 837
A 3 0 348
A 3 1 384
A 3 2 94
A 3 3 507
A 3 4 328
A 3 5 833
A 3 6 332
A 3 7 234
A 3 8 522
A 3 9 920
A 3 10 30
A 3 11 837
A 3 12 835
A 3 13 783
A 3 14 687
A 3 15 100
A 3 16 608
A 3 17 52
A 3 18 905
A 3 19 813
A 3 20 408
A 3 21 36
A 3 22 443
A 3 23 980
A 3 24 713
A 3 25 533
A 3 26 590
A 3 27 480
A 3 28 431
A 3 29 259
A 3 30 317
A 3 31 131
A 3 32 996
A 3 33 764
A 3 34 638
A 3 35 324
A 3 36 949
A 3 37 970
A 3 38 559
A 3 39 471
A 3 40 243
A 3 41 941
A 3 42 308
A 3 43 430
A 3 44 725
A 3 45 348
A 3 46 530
A 3 47 685
A 3 48 400
A 3 49 435
A 4 0 851
A 4 1 160
A 4 2 824
A 4 3 646
A 4 4 492
A 4 5 537
A 4 6 531
A 4 7 83
A 4 8 17
A 4 9 962
A 4 10 342
A 4 11 687
A 4 12 93
A 4 13 338
A 4 14 451
A 4 15 84
A 4 16 15
A 4 17 400
A 4 18 406
A 4 19 926
A 4 20 872
A 4 21 649
A 4 22 867
A 4 23 532
A 4 24 79
A 4 25 944
A 4 26 232
A 4 27 961
A 4 28 982
A 4 29 633
A 4 30 749
A 4 31 833
A 4 32 145
A 4 33 573
A 4 34 831
A 4 35 638
A 4 36 462
A 4 37 362
A 4 38 721
A 4 39 831
A 4 40 324
A 4 41 415
A 4 42 518
A 4 43 769
A 4 44 106
A 4 45 969
A 4 46 205
A 4 47 121
A 4 48 722
A 4 49 612
A 5 0 399
A 5 1 946
A 5 2 613
A 5 3 266
A 5 4 830
A 5 5 45
A 5 6 563
A 5 7 63
A 5 8 6
A 5 9 545
A 5 10 48
A 5 11 107
A 5 12 730
A 5 13 193
A 5 14 32
A 5 15 561
A 5 16 831
A 5 17 494
A 5 18 923
A 5 19 904
A 5 20 326
A 5 21 599
A 5 22 320
A 5 23 196
A 5 24 720
A 5 25 426
A 5 26 166
A 5 27 926
A 5 28 899
A 5 29 240
A 5 30 890
A 5 31 298
A 5 32 538
A 5 33 855
A 5 34 916
A 5 35 368
A 5 36 900
A 5 37 479
A 5 38 431
A 5 39 259
A 5 40 376
A 5 41 831
A 5 42 718
A 5 43 106
A 5 44 25
A 5 45 751
A 5 46 667
A 5 47 208
A 5 48 597
A 5 49 942
A 6 0 465
A 6 1 275
A 6 2 541
A 6 3 785
A 6 4 472
A 6 5 614
A 6 6 563
A 6 7 990
A 6 8 892
A 6 9 462
A 6 10 230
A 6 11 134
A 6 12 112
A 6 13 768
A 6 14 989
A 6 15 28
A 6 16 488
A 6 17 242
A 6 18 860
A 6 19 920
A 6 20 853
A 6 21 236
A 6 22 751
A 6 23 923
A 6 24 343
A 6 25 128
A 6 26 26
A 6 27 10
A 6 28 689
A 6 29 624
A 6 30 305
A 6 31 154
A 6 32 899
A 6 33 846
A 6 34 291
A 6 35 371
A 6 36 812
A 6 37 854
A 6 38 713
A 6 39 704
A 6 40 668
A 6 41 943
A 6 42 838
A 6 43 780
A 6 44 63
A 6 45 180
A 6 46 808
A 6 47 552
A 6 48 774
A 6 49 668
A 7 0 824
A 7 1 627
A 7 2 905
A 7 3 927
A 7 4 902
A 7 5 600
A 7 6 56
A 7 7 929
A 7 8 962
A 7 9 97
A 7 10 553
A 7 11 267
A 7 12 251
A 7 13 804
A 7 14 466
A 7 15 542
A 7 16 528
A 7 17 278
A 7 18 396
A 7 19 241
A 7 20 983
A 7 21 416
A 7 22 537
A 7 23 173
A 7 24 196
A 7 25 600
A 7 26 353
A 7 27 356
A 7 28 152
A 7 29 127
A 7 30 377
A 7 31 328
A 7 32 106
A 7 33 634
A 7 34 256
A 7 35 9
A 7 36 234
A 7 37 312
A 7 38 938
A 7 39 196
A 7 40 761
A 7 41 843
A 7 42 464
A 7 43 12
A 7 44 647
A 7 45 930
A 7 46 554
A 7 47 527
A 7 48 560
A 7 49 302
A 8 0 769
A 8 1 543
A 8 2 718
A 8 3 658
A 8 4 717
A 8 5 266
A 8 6 258
A 8 7 422
A 8 8 622
A 8 9 763
A 8 10 902
A 8 11 351
A 8 12 91
A 8 13 8
A 8 14 985
A 8 15 347
A 8 16 369
A 8 17 571
A 8 18 11
A 8 19 307
A 8 20 768
A 8 21 772
A 8 22 502
A 8 23 584
A 8 24 136
A 8 25 502
A 8 26 866
A 8 27 42
A 8 28 29
A 8 29 426
A 8 30 344
A 8 31 150
A 8 32 322
A 8 33 414
A 8 34 808
A 8 35 391
A 8 36 32
A 8 37 67
A 8 38 813
A 8 39 655
A 8 40 182
A 8 41 67
A 8 42 358
A 8 43 273
A 8 44 76
A 8 45 344
A 8 46 973
A 8 47 797
A 8 48 267
A 8 49 336
A 9 0 105
A 9 1 35
A 9 2 109
A 9 3 959
A 9 4 971
A 9 5 597
A 9 6 461
A 9 7 189
A 9 8 640
A 9 9 491
A 9 10 616
A 9 11 336
A 9 12 641
A 9 13 290
A 9 14 751
A 9 15 802
A 9 16 681
A 9 17 783
A 9 18 869
A 9 19 846
A 9 20 790
A 9 21 403
A 9 22 914
A 9 23 149
A 9 24 676
A 9 25 342
A 9 26 845
A 9 27 1
A 9 28 139
A 9 29 112
A 9 30 338
A 9 31 244
A 9 32 500
A 9 33 799
A 9 34 556
A 9 35 823
A 9 36 396
A 9 37 17
A 9 38 13
A 9 39 36
A 9 40 508
A 9 41 981
A 9 42 373
A 9 43 502
A 9 44 271
A 9 45 476
A 9 46 304
A 9 47 952
A 9 48 611
A 9 49 525
A 10 0 150
A 10 1 754
A 10 2 280
A 10 3 64
A 10 4 255
A 10 5 308
A 10 6 406
A 10 7 100
A 10 8 310
A 10 9 546
A 10 10 564
A 10 11 0
A 10 12 142
A 10 13 416
A 10 14 799
A 10 15 698
A 10 16 240
A 10 17 547
A 10 18 68
A 10 19 605
A 10 20 936
A 10 21 928
A 10 22 586
A 10 23 661
A 10 24 430
A 10 25 857
A 10 26 137
A 10 27 86
A 10 28 161
A 10 29 100
A 10 30 963
A 10 31 311
A 10 32 854
A 10 33 243
A 10 34 728
A 10 35 109
A 10 36 552
A 10 37 134
A 10 38 561
A 10 39 214
A 10 40 32
A 10 41 478
A 10 42 214
A 10 43 527
A 10 44 894
A 10 45 365
A 10 46 225
A 10 47 486
A 10 48 912
A 10 49 293
A 11 0 91
A 11 1 848
A 11 2 222
A 11 3 29
A 11 4 509
A 11 5 4
A 11 6 238
A 11 7 998
A 11 8 443
A 11 9 399
A 11 10 99
A 11 11 758
A 11 12 63
A 11 13 953
A 11 14 354
A 11 15 791
A 11 16 415
A 11 17 258
A 11 18 277
A 11 19 976
A 11 20 472
A 11 21 662
A 11 22 454
A 11 23 38
A 11 24 189
A 11 25 701
A 11 26 403
A 11 27 414
A 11 28 539
A 11 29 315
A 11 30 60
A 11 31 983
A 11 32 516
A 11 33 634
A 11 34 12
A 11 35 25
A 11 36 990
A 11 37 251
A 11 38 24
A 11 39 433
A 11 40 2
A 11 41 475
A 11 42 544
A 11 43 65
A 11 44 428
A 11 45 898
A 11 46 208
A 11 47 843
A 11 48 156
A 11 49 838
A 12 0 172
A 12 1 980
A 12 2 500
A 12 3 978
A 12 4 18
A 12 5 689
A 12 6 679
A 12 7 421
A 12 8 455
A 12 9 219
A 12 10 736
A 12 11 867
A 12 12 554
A 12 13 252
A 12 14 853
A 12 15 566
A 12 16 630
A 12 17 844
A 12 18 817
A 12 19 6
A 12 20 629
A 12 21 172
A 12 22 481
A 12 23 173
A 12 24 589
A 12 25 909
A 12 26 423
A 12 27 798
A 12 28 105
A 12 29 579
A 12 30 988
A 12 31 277
A 12 32 911
A 12 33 840
A 12 34 255
A 12 35 929
A 12 36 529
A 12 37 287
A 12 38 350
A 12 39 336
A 12 40 858
A 12 41 439
A 12 42 556
A 12 43 412
A 12 44 43
A 12 45 409
A 12 46 978
A 12 47 673
A 12 48 605
A 12 49 148
A 13 0 679
A 13 1 587
A 13 2 320
A 13 3 512
A 13 4 760
A 13 5 261
A 13 6 774
A 13 7 536
A 13 8 411
A 13 9 879
A 13 10 467
A 13 11 399
A 13 12 508
A 13 13 379
A 13 14 239
A 13 15 115
A 13 16 308
A 13 17 120
A 13 18 402
A 13 19 659
A 13 20 809
A 13 21 612
A 13 22 450
A 13 23 365
A 13 24 24
A 13 25 493
A 13 26 774
A 13 27 355
A 13 28 167
A 13 29 732
A 13 30 855
A 13 31 198
A 13 32 319
A 13 33 527
A 13 34 63
A 13 35 431
A 13 36 788
A 13 37 837
A 13 38 967
A 13 39 200
A 13 40 716
A 13 41 787
A 13 42 599
A 13 43 576
A 13 44 166
A 13 45 191
A 13 46 691
A 13 47 826
A 13 48 311
A 13 49 446
A 14 0 837
A 14 1 120
A 14 2 58
A 14 3 287
A 14 4 837
A 14 5 83
A 14 6 781
A 14 7 964
A 14 8 438
A 14 9 300
A 14 10 696
A 14 11 645
A 14 12 850
A 14 13 15
A 14 14 172
A 14 15 913
A 14 16 798
A 14 17 960
A 14 18 750
A 14 19 766
A 14 20 160
A 14 21 818
A 14 22 905
A 14 23 112
A 14 24 394
A 14 25 71
A 14 26 303
A 14 27 438
A 14 28 897
A 14 29 966
A 14 30 884
A 14 31 735
A 14 32 439
A 14 33 942
A 14 34 22
A 14 35 276
A 14 36 25
A 14 37 155
A 14 38 592
A 14 39 815
A 14 40 455
A 14 41 288
A 14 42 460
A 14 43 658
A 14 44 655
A 14 45 984
A 14 46 571
A 14 47 806
A 14 48 945
A 14 49 674
A 15 0 924
A 15 1 457
A 15 2 492
A 15 3 829
A 15 4 569
A 15 5 239
A 15 6 900
A 15 7 224
A 15 8 677
A 15 9 149
A 15 10 191
A 15 11 561
A 15 12 884
A 15 13 630
A 15 14 503
A 15 15 259
A 15 16 258
A 15 17 881
A 15 18 414
A 15 19 851
A 15 20 48
A 15 21 222
A 15 22 491
A 15 23 861
A 15 24 880
A 15 25 499
A 15 26 845
A 15 27 451
A 15 28 305
A 15 29 142
A 15 30 477
A 15 31 229
A 15 32 600
A 15 33 970
A 15 34 58
A 15 35 169
A 15 36 209
A 15 37 310
A 15 38 394
A 15 39 238
A 15 40 459
A 15 41 937
A 15 42 151
A 15 43 696
A 15 44 567
A 15 45 654
A 15 46 955
A 15 47 177
A 15 48 887
A 15 49 721
A 16 0 380
A 16 1 288
A 16 2 943
A 16 3 224
A 16 4 149
A 16 5 175
A 16 6 723
A 16 7 346
A 16 8 979
A 16 9 380
A 16 10 489
A 16 11 456
A 16 12 961
A 16 13 89
A 16 14 426
A 16 15 371
A 16 16 610
A 16 17 987
A 16 18 33
A 16 19 4
A 16 20 577
A 16 21 492
A 16 22 293
A 16 23 728
A 16 24 188
A 16 25 212
A 16 26 735
A 16 27 495
A 16 28 390
A 16 29 622
A 16 30 217
A 16 31 770
A 16 32 262
A 16 33 512
A 16 34 994
A 16 35 411
A 16 36 688
A 16 37 69
A 16 38 758
A 16 39 667
A 16 40 801
A 16 41 599
A 16 42 123
A 16 43 762
A 16 44 688
A 16 45 902
A 16 46 485
A 16 47 650
A 16 48 241
A 16 49 518
A 17 0 7
A 17 1 819
A 17 2 363
A 17 3 300
A 17 4 547
A 17 5 903
A 17 6 513
A 17 7 282
A 17 8 399
A 17 9 903
A 17 10 257
A 17 11 968
A 17 12 25
A 17 13 519
A 17 14 832
A 17 15 372
A 17 16 283
A 17 17 520
A 17 18 793
A 17 19 393
A 17 20 539
A 17 21 595
A 17 22 992
A 17 23 663
A 17 24 709
A 17 25 32
A 17 26 917
A 17 27 195
A 17 28 682
A 17 29 158
A 17 30 65
A 17 31 689
A 17 32 977
A 17 33 428
A 17 34 342
A 17 35 877
A 17 36 332
A 17 37 855
A 17 38 511
A 17 39 83
A 17 40 758
A 17 41 768
A 17 42 403
A 17 43 135
A 17 44 640
A 17 45 235
A 17 46 859
A 17 47 923
A 17 48 756
A 17 49 653
A 18 0 668
A 18 1 647
A 18 2 600
A 18 3 12
A 18 4 662
A 18 5 309
A 18 6 44
A 18 7 579
A 18 8 856
A 18 9 78
A 18 10 738
A 18 11 274
A 18 12 120
A 18 13 67
A 18 14 702
A 18 15 462
A 18 16 944
A 18 17 386
A 18 18 317
A 18 19 808
A 18 20 821
A 18 21 427
A 18 22 576
A 18 23 224
A 18 24 562
A 18 25 568
A 18 26 460
A 18 27 422
A 18 28 843
A 18 29 568
A 18 30 427
A 18 31 511
A 18 32 215
A 18 33 27
A 18 34 523
A 18 35 878
A 18 36 336
A 18 37 919
A 18 38 809
A 18 39 545
A 18 40 350
A 18 41 899
A 18 42 819
A 18 43 470
A 18 44 319
A 18 45 873
A 18 46 932
A 18 47 615
A 18 48 260
A 18 49 601
A 19 0 423
A 19 1 81
A 19 2 28
A 19 3 0
A 19 4 306
A 19 5 942
A 19 6 920
A 19 7 118
A 19 8 716
A 19 9 764
A 19 10 38
A 19 11 143
A 19 12 275
A 19 13 253
A 19 14 170
A 19 15 151
A 19 16 483
A 19 17 859
A 19 18 422
A 19 19 645
A 19 20 756
A 19 21 772
A 19 22 544
A 19 23 575
A 19 24 242
A 19 25 863
A 19 26 448
A 19 27 526
A 19 28 479
A 19 29 60
A 19 30 127
A 19 31 254
A 19 32 494
A 19 33 507
A 19 34 254
A 19 35 152
A 19 36 802
A 19 37 175
A 19 38 270
A 19 39 518
A 19 40 291
A 19 41 308
A 19 42 14
A 19 43 918
A 19 44 913
A 19 45 536
A 19 46 69
A 19 47 749
A 19 48 747
A 19 49 492
A 20 0 394
A 20 1 503
A 20 2 616
A 20 3 290
A 20 4 78
A 20 5 859
A 20 6 506
A 20 7 879
A 20 8 737
A 20 9 337
A 20 10 291
A 20 11 217
A 20 12 591
A 20 13 785
A 20 14 724
A 20 15 198
A 20 16 937
A 20 17 526
A 20 18 725
A 20 19 559
A 20 20 397
A 20 21 16
A 20 22 219
A 20 23 411
A 20 24 934
A 20 25 485
A 20 26 947
A 20 27 356
A 20 28 234
A 20 29 695
A 20 30 200
A 20 31 980
A 20 32 198
A 20 33 816
A 20 34 622
A 20 35 629
A 20 36 27
A 20 37 128
A 20 38 860
A 20 39 117
A 20 40 817
A 20 41 151
A 20 42 334
A 20 43 409
A 20 44 937
A 20 45 410
A 20 46 959
A 20 47 226
A 20 48 937
A 20 49 36
A 21 0 138
A 21 1 334
A 21 2 52
A 21 3 357
A 21 4 97
A 21 5 338
A 21 6 842
A 21 7 396
A 21 8 46
A 21 9 76
A 21 10 443
A 21 11 246
A 21 12 408
A 21 13 994
A 21 14 415
A 21 15 31
A 21 16 623
A 21 17 794
A 21 18 511
A 21 19 835
A 21 20 911
A 21 21 329
A 21 22 986
A 21 23 597
A 21 24 90
A 21 25 275
A 21 26 8
A 21 27 49
A 21 28 854
A 21 29 945
A 21 30 85
A 21 31 992
A 21 32 631
A 21 33 489
A 21 34 349
A 21 35 80
A 21 36 179
A 21 37 544
A 21 38 476
A 21 39 226
A 21 40 972
A 21 41 920
A 21 42 824
A 21 43 381
A 21 44 914
A 21 45 591
A 21 46 412
A 21 47 889
A 21 48 738
A 21 49 923
A 22 0 76
A 22 1 1
A 22 2 604
A 22 3 414
A 22 4 599
A 22 5 694
A 22 6 690
A 22 7 607
A 22 8 95
A 22 9 896
A 22 10 904
A 22 11 532
A 22 12 888
A 22 13 535
A 22 14 373
A 22 15 589
A 22 16 967
A 22 17 553
A 22 18 133
A 22 19 443
A 22 20 131
A 22 21 458
A 22 22 715
A 22 23 307
A 22 24 839
A 22 25 981
A 22 26 251
A 22 27 603
A 22 28 222
A 22 29 989
A 22 30 878
A 22 31 298
A 22 32 990
A 22 33 483
A 22 34 713
A 22 35 589
A 22 36 529
A 22 37 755
A 22 38 196
A 22 39 625
A 22 40 651
A 22 41 100
A 22 42 157
A 22 43 891
A 22 44 987
A 22 45 883
A 22 46 832
A 22 47 306
A 22 48 436
A 22 49 318
A 23 0 102
A 23 1 919
A 23 2 776
A 23 3 817
A 23 4 226
A 23 5 967
A 23 6 151
A 23 7 477
A 23 8 570
A 23 9 373
A 23 10 818
A 23 11 448
A 23 12 24
A 23 13 809
A 23 14 283
A 23 15 737
A 23 16 750
A 23 17 813
A 23 18 844
A 23 19 299
A 23 20 438
A 23 21 495
A 23 22 399
A 23 23 947
A 23 24 738
A 23 25 739
A 23 26 830
A 23 27 922
A 23 28 397
A 23 29 618
A 23 30 592
A 23 31 499
A 23 32 537
A 23 33 720
A 23 34 317
A 23 35 116
A 23 36 687
A 23 37 820
A 23 38 945
A 23 39 257
A 23 40 193
A 23 41 764
A 23 42 58
A 23 43 217
A 23 44 925
A 23 45 341
A 23 46 306
A 23 47 675
A 23 48 154
A 23 49 150
A 24 0 974
A 24 1 944
A 24 2 997
A 24 3 726
A 24 4 244
A 24 5 87
A 24 6 817
A 24 7 426
A 24 8 10
A 24 9 214
A 24 10 397
A 24 11 954
A 24 12 714
A 24 13 286
A 24 14 675
A 24 15 383
A 24 16 402
A 24 17 362
A 24 18 203
A 24 19 348
A 24 20 620
A 24 21 748
A 24 22 464
A 24 23 30
A 24 24 966
A 24 25 389
A 24 26 371
A 24 27 624
A 24 28 64
A 24 29 878
A 24 30 775
A 24 31 39
A 24 32 174
A 24 33 124
A 24 34 117
A 24 35 770
A 24 36 212
A 24 37 934
A 24 38 197
A 24 39 574
A 24 40 148
A 24 41 946
A 24 42 528
A 24 43 862
A 24 44 232
A 24 45 203
A 24 46 245
A 24 47 635
A 24 48 918
A 24 49 800
A 25 0 335
A 25 1 890
A 25 2 549
A 25 3 799
A 25 4 920
A 25 5 867
A 25 6 540
A 25 7 643
A 25 8 491
A 25 9 604
A 25 10 521
A 25 11 618
A 25 12 995
A 25 13 48
A 25 14 743
A 25 15 112
A 25 16 818
A 25 17 955
A 25 18 46
A 25 19 367
A 25 20 881
A 25 21 547
A 25 22 313
A 25 23 409
A 25 24 761
A 25 25 546
A 25 26 965
A 25 27 359
A 25 28 533
A 25 29 883
A 25 30 159
A 25 31 868
A 25 32 125
A 25 33 708
A 25 34 19
A 25 35 45
A 25 36 575
A 25 37 559
A 25 38 688
A 25 39 67
A 25 40 515
A 25 41 562
A 25 42 37
A 25 43 863
A 25 44 610
A 25 45 780
A 25 46 975
A 25 47 780
A 25 48 87
A 25 49 374
A 26 0 148
A 26 1 968
A 26 2 273
A 26 3 461
A 26 4 730
A 26 5 34
A 26 6 359
A 26 7 47
A 26 8 393
A 26 9 892
A 26 10 282
A 26 11 553
A 26 12 112
A 26 13 407
A 26 14 613
A 26 15 483
A 26 16 452
A 26 17 189
A 26 18 42
A 26 19 492
A 26 20 608
A 26 21 910
A 26 22 54
A 26 23 645
A 26 24 773
A 26 25 16
A 26 26 778
A 26 27 748
A 26 28 797
A 26 29 865
A 26 30 474
A 26 31 297
A 26 32 186
A 26 33 99
A 26 34 758
A 26 35 268
A 26 36 134
A 26 37 470
A 26 38 315
A 26 39 527
A 26 40 362
A 26 41 597
A 26 42 432
A 26 43 827
A 26 44 356
A 26 45 46
A 26 46 310
A 26 47 160
A 26 48 587
A 26 49 705
A 27 0 652
A 27 1 547
A 27 2 615
A 27 3 59
A 27 4 544
A 27 5 388
A 27 6 427
A 27 7 322
A 27 8 488
A 27 9 576
A 27 10 540
A 27 11 315
A 27 12 873
A 27 13 726
A 27 14 414
A 27 15 984
A 27 16 994
A 27 17 548
A 27 18 454
A 27 19 661
A 27 20 428
A 27 21 168
A 27 22 610
A 27 23 212
A 27 24 995
A 27 25 966
A 27 26 610
A 27 27 306
A 27 28 478
A 27 29 197
A 27 30 363
A 27 31 130
A 27 32 96
A 27 33 978
A 27 34 541
A 27 35 641
A 27 36 366
A 27 37 321
A 27 38 315
A 27 39 206
A 27 40 897
A 27 41 855
A 27 42 521
A 27 43 123
A 27 44 933
A 27 45 936
A 27 46 107
A 27 47 927
A 27 48 836
A 27 49 561
A 28 0 940
A 28 1 616
A 28 2 729
A 28 3 550
A 28 4 829
A 28 5 77
A 28 6 868
A 28 7 439
A 28 8 735
A 28 9 346
A 28 10 989
A 28 11 98
A 28 12 829
A 28 13 437
A 28 14 76
A 28 15 370
A 28 16 78
A 28 17 794
A 28 18 43
A 28 19 394
A 28 20 0
A 28 21 293
A 28 22 601
A 28 23 874
A 28 24 416
A 28 25 535
A 28 26 162
A 28 27 523
A 28 28 814
A 28 29 350
A 28 30 84
A 28 31 755
A 28 32 967
A 28 33 165
A 28 34 305
A 28 35 796
A 28 36 242
A 28 37 174
A 28 38 587
A 28 39 977
A 28 40 520
A 28 41 928
A 28 42 75
A 28 43 349
A 28 44 366
A 28 45 503
A 28 46 72
A 28 47 444
A 28 48 297
A 28 49 467
A 29 0 190
A 29 1 650
A 29 2 760
A 29 3 144
A 29 4 524
A 29 5 176
A 29 6 679
A 29 7 686
A 29 8 51
A 29 9 845
A 29 10 36
A 29 11 135
A 29 12 600
A 29 13 355
A 29 14 653
A 29 15 258
A 29 16 503
A 29 17 895
A 29 18 432
A 29 19 91
A 29 20 225
A 29 21 304
A 29 22 371
A 29 23 300
A 29 24 6
A 29 25 737
A 29 26 156
A 29 27 430
A 29 28 534
A 29 29 453
A 29 30 249
A 29 31 76
A 29 32 103
A 29 33 10
A 29 34 220
A 29 35 979
A 29 36 538
A 29 37 251
A 29 38 665
A 29 39 590
A 29 40 97
A 29 41 54
A 29 42 77
A 29 43 697
A 29 44 761
A 29 45 730
A 29 46 307
A 29 47 265
A 29 48 978
A 29 49 739
A 30 0 708
A 30 1 203
A 30 2 396
A 30 3 79
A 30 4 855
A 30 5 754
A 30 6 817
A 30 7 11
A 30 8 184
A 30 9 703
A 30 10 817
A 30 11 785
A 30 12 779
A 30 13 920
A 30 14 795
A 30 15 352
A 30 16 900
A 30 17 686
A 30 18 603
A 30 19 917
A 30 20 276
A 30 21 52
A 30 22 323
A 30 23 705
A 30 24 102
A 30 25 85
A 30 26 788
A 30 27 409
A 30 28 702
A 30 29 766
A 30 30 501
A 30 31 410
A 30 32 321
A 30 33 897
A 30 34 489
A 30 35 528
A 30 36 3
A 30 37 658
A 30 38 892
A 30 39 187
A 30 40 361
A 30 41 709
A 30 42 324
A 30 43 493
A 30 44 981
A 30 45 120
A 30 46 845
A 30 47 233
A 30 48 158
A 30 49 448
A 31 0 503
A 31 1 434
A 31 2 853
A 31 3 826
A 31 4 491
A 31 5 955
A 31 6 263
A 31 7 279
A 31 8 364
A 31 9 965
A 31 10 45
A 31 11 865
A 31 12 727
A 31 13 718
A 31 14 114
A 31 15 217
A 31 16 247
A 31 17 117
A 31 18 227
A 31 19 491
A 31 20 656
A 31 21 589
A 31 22 200
A 31 23 981
A 31 24 82
A 31 25 181
A 31 26 453
A 31 27 279
A 31 28 767
A 31 29 611
A 31 30 79
A 31 31 270
A 31 32 397
A 31 33 932
A 31 34 448
A 31 35 888
A 31 36 887
A 31 37 712
A 31 38 168
A 31 39 604
A 31 40 29
A 31 41 565
A 31 42 469
A 31 43 757
A 31 44 636
A 31 45 936
A 31 46 326
A 31 47 235
A 31 48 53
A 31 49 905
A 32 0 726
A 32 1 62
A 32 2 494
A 32 3 926
A 32 4 43
A 32 5 928
A 32 6 459
A 32 7 848
A 32 8 559
A 32 9 226
A 32 10 459
A 32 11 639
A 32 12 848
A 32 13 856
A 32 14 571
A 32 15 297
A 32 16 96
A 32 17 811
A 32 18 361
A 32 19 616
A 32 20 415
A 32 21 742
A 32 22 534
A 32 23 236
A 32 24 851
A 32 25 170
A 32 26 524
A 32 27 529
A 32 28 405
A 32 29 578
A 32 30 435
A 32 31 131
A 32 32 992
A 32 33 281
A 32 34 409
A 32 35 387
A 32 36 562
A 32 37 868
A 32 38 235
A 32 39 121
A 32 40 447
A 32 41 46
A 32 42 112
A 32 43 647
A 32 44 254
A 32 45 684
A 32 46 296
A 32 47 350
A 32 48 847
A 32 49 657
A 33 0 967
A 33 1 614
A 33 2 752
A 33 3 501
A 33 4 850
A 33 5 955
A 33 6 23
A 33 7 375
A 33 8 485
A 33 9 428
A 33 10 305
A 33 11 920
A 33 12 911
A 33 13 649
A 33 14 553
A 33 15 320
A 33 16 36
A 33 17 115
A 33 18 540
A 33 19 271
A 33 20 589
A 33 21 339
A 33 22 317
A 33 23 701
A 33 24 987
A 33 25 571
A 33 26 737
A 33 27 283
A 33 28 273
A 33 29 936
A 33 30 293
A 33 31 592
A 33 32 550
A 33 33 397
A 33 34 93
A 33 35 753
A 33 36 352
A 33 37 116
A 33 38 128
A 33 39 837
A 33 40 896
A 33 41 785
A 33 42 109
A 33 43 807
A 33 44 434
A 33 45 15
A 33 46 479
A 33 47 822
A 33 48 130
A 33 49 20
A 34 0 93
A 34 1 71
A 34 2 359
A 34 3 762
A 34 4 125
A 34 5 698
A 34 6 685
A 34 7 862
A 34 8 334
A 34 9 958
A 34 10 799
A 34 11 627
A 34 12 551
A 34 13 349
A 34 14 376
A 34 15 996
A 34 16 102
A 34 17 728
A 34 18 465
A 34 19 582
A 34 20 918
A 34 21 713
A 34 22 719
A 34 23 379
A 34 24 873
A 34 25 505
A 34 26 394
A 34 27 352
A 34 28 327
A 34 29 877
A 34 30 372
A 34 31 772
A 34 32 948
A 34 33 84
A 34 34 886
A 34 35 73
A 34 36 782
A 34 37 571
A 34 38 288
A 34 39 116
A 34 40 882
A 34 41 87
A 34 42 95
A 34 43 785
A 34 44 788
A 34 45 471
A 34 46 133
A 34 47 243
A 34 48 200
A 34 49 950
A 35 0 177
A 35 1 470
A 35 2 664
A 35 3 249
A 35 4 849
A 35 5 537
A 35 6 754
A 35 7 244
A 35 8 889
A 35 9 434
A 35 10 121
A 35 11 614
A 35 12 206
A 35 13 421
A 35 14 698
A 35 15 93
A 35 16 495
A 35 17 480
A 35 18 16
A 35 19 783
A 35 20 597
A 35 21 898
A 35 22 222
A 35 23 692
A 35 24 35
A 35 25 362
A 35 26 164
A 35 27 169
A 35 28 957
A 35 29 716
A 35 30 119
A 35 31 487
A 35 32 186
A 35 33 135
A 35 34 736
A 35 35 387
A 35 36 672
A 35 37 842
A 35 38 631
A 35 39 914
A 35 40 276
A 35 41 104
A 35 42 528
A 35 43 483
A 35 44 878
A 35 45 226
A 35 46 928
A 35 47 373
A 35 48 706
A 35 49 944
A 36 0 508
A 36 1 655
A 36 2 195
A 36 3 82
A 36 4 348
A 36 5 230
A 36 6 796
A 36 7 864
A 36 8 399
A 36 9 754
A 36 10 932
A 36 11 871
A 36 12 241
A 36 13 118
A 36 14 6
A 36 15 329
A 36 16 857
A 36 17 31
A 36 18 171
A 36 19 841
A 36 20 945
A 36 21 448
A 36 22 945
A 36 23 473
A 36 24 283
A 36 25 823
A 36 26 699
A 36 27 211
A 36 28 548
A 36 29 757
A 36 30 155
A 36 31 408
A 36 32 413
A 36 33 350
A 36 34 490
A 36 35 113
A 36 36 933
A 36 37 287
A 36 38 977
A 36 39 684
A 36 40 393
A 36 41 909
A 36 42 555
A 36 43 634
A 36 44 379
A 36 45 914
A 36 46 963
A 36 47 236
A 36 48 945
A 36 49 486
A 37 0 77
A 37 1 890
A 37 2 934
A 37 3 375
A 37 4 363
A 37 5 217
A 37 6 550
A 37 7 414
A 37 8 428
A 37 9 451
A 37 10 171
A 37 11 936
A 37 12 859
A 37 13 936
A 37 14 638
A 37 15 702
A 37 16 49
A 37 17 571
A 37 18 989
A 37 19 26
A 37 20 256
A 37 21 382
A 37 22 287
A 37 23 163
A 37 24 368
A 37 25 666
A 37 26 77
A 37 27 683
A 37 28 255
A 37 29 22
A 37 30 169
A 37 31 684
A 37 32 264
A 37 33 104
A 37 34 59
A 37 35 627
A 37 36 673
A 37 37 962
A 37 38 393
A 37 39 454
A 37 40 413
A 37 41 917
A 37 42 390
A 37 43 624
A 37 44 853
A 37 45 380
A 37 46 326
A 37 47 903
A 37 48 304
A 37 49 667
A 38 0 281
A 38 1 912
A 38 2 401
A 38 3 569
A 38 4 75
A 38 5 769
A 38 6 587
A 38 7 505
A 38 8 804
A 38 9 842
A 38 10 879
A 38 11 326
A 38 12 879
A 38 13 144
A 38 14 430
A 38 15 938
A 38 16 123
A 38 17 455
A 38 18 252
A 38 19 517
A 38 20 909
A 38 21 17
A 38 22 434
A 38 23 651
A 38 24 642
A 38 25 639
A 38 26 384
A 38 27 968
A 38 28 542
A 38 29 688
A 38 30 988
A 38 31 176
A 38 32 600
A 38 33 389
A 38 34 745
A 38 35 27
A 38 36 511
A 38 37 684
A 38 38 532
A 38 39 315
A 38 40 527
A 38 41 412
A 38 42 641
A 38 43 758
A 38 44 556
A 38 45 423
A 38 46 696
A 38 47 679
A 38 48 231
A 38 49 301
A 39 0 548
A 39 1 140
A 39 2 318
A 39 3 982
A 39 4 144
A 39 5 312
A 39 6 974
A 39 7 528
A 39 8 633
A 39 9 516
A 39 10 568
A 39 11 621
A 39 12 692
A 39 13 168
A 39 14 10
A 39 15 789
A 39 16 547
A 39 17 521
A 39 18 474
A 39 19 80
A 39 20 189
A 39 21 353
A 39 22 844
A 39 23 182
A 39 24 111
A 39 25 752
A 39 26 958
A 39 27 159
A 39 28 783
A 39 29 189
A 39 30 460
A 39 31 332
A 39 32 681
A 39 33 131
A 39 34 666
A 39 35 825
A 39 36 443
A 39 37 640
A 39 38 705
A 39 39 428
A 39 40 509
A 39 41 273
A 39 42 49
A 39 43 553
A 39 44 441
A 39 45 60
A 39 46 343
A 39 47 989
A 39 48 933
A 39 49 169
A 40 0 421
A 40 1 474
A 40 2 522
A 40 3 617
A 40 4 657
A 40 5 985
A 40 6 369
A 40 7 615
A 40 8 144
A 40 9 152
A 40 10 804
A 40 11 957
A 40 12 836
A 40 13 837
A 40 14 440
A 40 15 503
A 40 16 663
A 40 17 235
A 40 18 495
A 40 19 368
A 40 20 664
A 40 21 4
A 40 22 994
A 40 23 713
A 40 24 558
A 40 25 787
A 40 26 125
A 40 27 253
A 40 28 128
A 40 29 411
A 40 30 422
A 40 31 549
A 40 32 885
A 40 33 944
A 40 34 166
A 40 35 894
A 40 36 929
A 40 37 887
A 40 38 509
A 40 39 425
A 40 40 40
A 40 41 665
A 40 42 382
A 40 43 876
A 40 44 503
A 40 45 822
A 40 46 731
A 40 47 518
A 40 48 410
A 40 49 227
A 41 0 238
A 41 1 74
A 41 2 583
A 41 3 232
A 41 4 787
A 41 5 141
A 41 6 20
A 41 7 265
A 41 8 394
A 41 9 148
A 41 10 676
A 41 11 816
A 41 12 50
A 41 13 561
A 41 14 112
A 41 15 568
A 41 16 456
A 41 17 393
A 41 18 456
A 41 19 317
A 41 20 819
A 41 21 848
A 41 22 335
A 41 23 553
A 41 24 76
A 41 25 190
A 41 26 728
A 41 27 808
A 41 28 708
A 41 29 138
A 41 30 387
A 41 31 298
A 41 32 212
A 41 33 970
A 41 34 531
A 41 35 351
A 41 36 112
A 41 37 903
A 41 38 616
A 41 39 858
A 41 40 403
A 41 41 292
A 41 42 27
A 41 43 453
A 41 44 206
A 41 45 139
A 41 46 374
A 41 47 14
A 41 48 885
A 41 49 830
A 42 0 331
A 42 1 704
A 42 2 678
A 42 3 666
A 42 4 609
A 42 5 754
A 42 6 856
A 42 7 337
A 42 8 914
A 42 9 916
A 42 10 827
A 42 11 301
A 42 12 215
A 42 13 39
A 42 14 272
A 42 15 98
A 42 16 743
A 42 17 736
A 42 18 353
A 42 19 711
A 42 20 594
A 42 21 756
A 42 22 356
A 42 23 973
A 42 24 562
A 42 25 562
A 42 26 465
A 42 27 936
A 42 28 576
A 42 29 350
A 42 30 118
A 42 31 259
A 42 32 406
A 42 33 796
A 42 34 278
A 42 35 15
A 42 36 902
A 42 37 486
A 42 38 705
A 42 39 817
A 42 40 403
A 42 41 532
A 42 42 118
A 42 43 970
A 42 44 924
A 42 45 742
A 42 46 420
A 42 47 19
A 42 48 830
A 42 49 773
A 43 0 730
A 43 1 777
A 43 2 881
A 43 3 86
A 43 4 750
A 43 5 443
A 43 6 0
A 43 7 215
A 43 8 731
A 43 9 928
A 43 10 917
A 43 11 849
A 43 12 188
A 43 13 323
A 43 14 997
A 43 15 466
A 43 16 691
A 43 17 900
A 43 18 952
A 43 19 396
A 43 20 69
A 43 21 707
A 43 22 280
A 43 23 539
A 43 24 29
A 43 25 556
A 43 26 282
A 43 27 449
A 43 28 575
A 43 29 464
A 43 30 574
A 43 31 306
A 43 32 241
A 43 33 456
A 43 34 744
A 43 35 992
A 43 36 251
A 43 37 745
A 43 38 559
A 43 39 335
A 43 40 25
A 43 41 477
A 43 42 536
A 43 43 213
A 43 44 152
A 43 45 534
A 43 46 31
A 43 47 843
A 43 48 786
A 43 49 336
A 44 0 591
A 44 1 855
A 44 2 395
A 44 3 224
A 44 4 746
A 44 5 425
A 44 6 780
A 44 7 380
A 44 8 226
A 44 9 708
A 44 10 845
A 44 11 801
A 44 12 14
A 44 13 86
A 44 14 609
A 44 15 110
A 44 16 78
A 44 17 212
A 44 18 207
A 44 19 638
A 44 20 547
A 44 21 233
A 44 22 467
A 44 23 84
A 44 24 446
A 44 25 619
A 44 26 970
A 44 27 830
A 44 28 463
A 44 29 756
A 44 30 166
A 44 31 406
A 44 32 963
A 44 33 561
A 44 34 630
A 44 35 709
A 44 36 986
A 44 37 763
A 44 38 90
A 44 39 565
A 44 40 471
A 44 41 935
A 44 42 366
A 44 43 837
A 44 44 373
A 44 45 327
A 44 46 299
A 44 47 452
A 44 48 539
A 44 49 507
A 45 0 442
A 45 1 439
A 45 2 740
A 45 3 909
A 45 4 875
A 45 5 538
A 45 6 528
A 45 7 845
A 45 8 720
A 45 9 343
A 45 10 953
A 45 11 886
A 45 12 102
A 45 13 268
A 45 14 800
A 45 15 84
A 45 16 977
A 45 17 138
A 45 18 847
A 45 19 419
A 45 20 703
A 45 21 670
A 45 22 706
A 45 23 421
A 45 24 859
A 45 25 80
A 45 26 748
A 45 27 159
A 45 28 884
A 45 29 640
A 45 30 666
A 45 31 326
A 45 32 431
A 45 33 758
A 45 34 587
A 45 35 306
A 45 36 648
A 45 37 467
A 45 38 503
A 45 39 369
A 45 40 811
A 45 41 808
A 45 42 607
A 45 43 265
A 45 44 76
A 45 45 407
A 45 46 349
A 45 47 405
A 45 48 546
A 45 49 549
A 46 0 825
A 46 1 249
A 46 2 571
A 46 3 883
A 46 4 671
A 46 5 431
A 46 6 963
A 46 7 771
A 46 8 590
A 46 9 199
A 46 10 411
A 46 11 256
A 46 12 877
A 46 13 194
A 46 14 366
A 46 15 464
A 46 16 500
A 46 17 14
A 46 18 284
A 46 19 355
A 46 20 383
A 46 21 447
A 46 22 163
A 46 23 991
A 46 24 712
A 46 25 591
A 46 26 750
A 46 27 413
A 46 28 997
A 46 29 296
A 46 30 962
A 46 31 822
A 46 32 898
A 46 33 534
A 46 34 705
A 46 35 569
A 46 36 965
A 46 37 21
A 46 38 692
A 46 39 907
A 46 40 220
A 46 41 456
A 46 42 163
A 46 43 450
A 46 44 650
A 46 45 529
A 46 46 266
A 46 47 503
A 46 48 895
A 46 49 550
A 47 0 858
A 47 1 631
A 47 2 997
A 47 3 374
A 47 4 974
A 47 5 709
A 47 6 965
A 47 7 724
A 47 8 123
A 47 9 962
A 47 10 21
A 47 11 437
A 47 12 136
A 47 13 919
A 47 14 323
A 47 15 194
A 47 16 840
A 47 17 288
A 47 18 215
A 47 19 884
A 47 20 547
A 47 21 787
A 47 22 340
A 47 23 710
A 47 24 589
A 47 25 991
A 47 26 591
A 47 27 856
A 47 28 846
A 47 29 839
A 47 30 406
A 47 31 704
A 47 32 470
A 47 33 404
A 47 34 430
A 47 35 444
A 47 36 465
A 47 37 396
A 47 38 168
A 47 39 588
A 47 40 710
A 47 41 541
A 47 42 26
A 47 43 847
A 47 44 812
A 47 45 349
A 47 46 41
A 47 47 4
A 47 48 990
A 47 49 608
A 48 0 889
A 48 1 537
A 48 2 747
A 48 3 229
A 48 4 600
A 48 5 337
A 48 6 572
A 48 7 543
A 48 8 193
A 48 9 418
A 48 10 382
A 48 11 599
A 48 12 475
A 48 13 852
A 48 14 355
A 48 15 257
A 48 16 648
A 48 17 821
A 48 18 5
A 48 19 817
A 48 20 409
A 48 21 716
A 48 22 710
A 48 23 787
A 48 24 915
A 48 25 523
A 48 26 489
A 48 27 956
A 48 28 879
A 48 29 831
A 48 30 916
A 48 31 768
A 48 32 720
A 48 33 663
A 48 34 350
A 48 35 672
A 48 36 0
A 48 37 274
A 48 38 568
A 48 39 193
A 48 40 45
A 48 41 950
A 48 42 145
A 48 43 872
A 48 44 155
A 48 45 500
A 48 46 129
A 48 47 803
A 48 48 321
A 48 49 135
A 49 0 972
A 49 1 83
A 49 2 851
A 49 3 35
A 49 4 870
A 49 5 118
A 49 6 558
A 49 7 711
A 49 8 74
A 49 9 789
A 49 10 894
A 49 11 990
A 49 12 558
A 49 13 615
A 49 14 653
A 49 15 260
A 49 16 639
A 49 17 6
A 49 18 534
A 49 19 207
A 49 20 199
A 49 21 931
A 49 22 510
A 49 23 344
A 49 24 803
A 49 25 665
A 49 26 197
A 49 27 285
A 49 28 820
A 49 29 518
A 49 30 420
A 49 31 145
A 49 32 601
A 49 33 623
A 49 34 180
A 49 35 824
A 49 36 741
A 49 37 90
A 49 38 887
A 49 39 167
A 49 40 879
A 49 41 782
A 49 42 509
A 49 43 789
A 49 44 749
A 49 45 514
A 49 46 49
A 49 47 388
A 49 48 520
A 49 49 936
